(0, 0): 0
(-1, 0): 0
(0, -1): 0
(1, -1): 0
(0, 1): 0
(0, 2): 0
(-1, -1): 0
(-1, 1): 0
(2, -1): 0
(-2, 0): 1
(-3, 0): 1
(-3, -1): 1
(-2, 1): 1
(-3, 1): 1
(-2, 2): 1
(-1, 2): 1
(-1, 3): 1
(0, 3): 1
(0, 4): 1
(1, 4): 2
(1, 3): 2
(2, 3): 2
(1, 2): 2
(2, 2): 2
(2, 4): 2
(1, 5): 2
(2, 5): 2
(3, 4): 2
(1, 1): 2
(2, 6): 3
(3, 6): 3
(1, 6): 3
(4, 6): 3
(0, 6): 3
(1, 7): 3
(0, 7): 3
(2, 7): 3
(3, 5): 3
(-1, 7): 4
(-1, 8): 4
(0, 8): 4
(-1, 9): 4
(-2, 8): 4
(-2, 7): 4
(0, 9): 4
(-3, 7): 4
(-3, 8): 4
(-2, 9): 4
(-4, 7): 5
(-5, 7): 5
(-4, 6): 5
(-4, 5): 5
(-4, 8): 5
(-4, 9): 5
(-5, 6): 5
(-6, 7): 5
(-3, 9): 5
(-3, 6): 6
(-2, 6): 6
(-3, 5): 6
(-2, 5): 6
(-3, 4): 6
(-1, 6): 6
(-1, 5): 6
(-2, 4): 7
(-2, 3): 7
(-1, 4): 7
(-3, 3): 7
(-3, 2): 7
(-4, 2): 7
(-4, 3): 7
(-4, 4): 8
(-5, 4): 8
(-5, 5): 8
(-6, 5): 8
(-5, 3): 8
(-6, 4): 8
(-7, 4): 8
(-7, 3): 8
(-7, 2): 8
(-8, 3): 8
(-6, 2): 9
(-5, 2): 9
(-5, 1): 9
(-4, 1): 9
(-4, 0): 9
(-6, 1): 9
(-4, -1): 9
(-6, 3): 9
(-5, -1): 9
