(0, 0): 0
(0, -1): 0
(-1, 0): 0
(0, 1): 0
(1, 0): 0
(0, -2): 0
(0, 2): 0
(1, -1): 0
(1, 2): 0
(0, -3): 1
(1, -3): 1
(2, -3): 1
(3, -3): 1
(1, -4): 1
(3, -4): 1
(3, -5): 1
(2, -4): 1
(4, -4): 1
(2, -2): 2
(2, -1): 2
(3, -1): 2
(2, 0): 2
(3, 0): 2
(1, -2): 2
(3, -2): 2
(3, 1): 2
(4, -1): 3
(4, 0): 3
(5, -1): 3
(5, 0): 3
(6, 0): 3
(5, 1): 3
(4, 1): 3
(5, -2): 3
(5, 2): 4
(4, 2): 4
(4, 3): 4
(6, 2): 4
(3, 2): 4
(6, 3): 4
(5, 3): 4
(6, 1): 4
(3, 3): 4
(5, 4): 5
(6, 4): 5
(6, 5): 5
(4, 4): 5
(3, 4): 5
(2, 4): 5
(1, 4): 5
(5, 5): 5
(4, 5): 5
(0, 4): 5
(6, 6): 6
(7, 6): 6
(6, 7): 6
(8, 6): 6
(5, 6): 6
(9, 6): 6
(9, 5): 6
(5, 7): 6
(8, 7): 6
(8, 5): 6
(9, 4): 7
(8, 4): 7
(9, 3): 7
(10, 4): 7
(10, 3): 7
(8, 3): 7
(7, 4): 7
(10, 2): 7
(9, 2): 7
(7, 3): 7
(9, 1): 8
(9, 0): 8
(8, 1): 8
(10, 0): 8
(8, 0): 8
(10, -1): 8
(10, 1): 8
(10, -2): 8
(9, -1): 8
(9, -2): 8
(11, 1): 9
(11, 0): 9
(11, 2): 9
(12, 2): 9
(12, 0): 9
(13, 2): 9
(11, -1): 9
(11, 3): 9
(12, 1): 9
